 0 -0.03851459844522893
 0.03141592653589793 -0.01935958270754785
 0.06283185307179587 0.06502640119916898
 0.0942477796076938 0.1293350922813759
 0.1256637061435917 0.1144014772883054
 0.1570796326794897 0.2756233907399327
 0.1884955592153876 0.1519746001220343
 0.2199114857512856 0.2068866674238415
 0.2513274122871835 0.3272994532055936
 0.2827433388230814 0.2460497712785579
 0.3141592653589793 0.4119944701585853
 0.3455751918948773 0.2843439616591039
 0.3769911184307752 0.4791762927583283
 0.4084070449666731 0.3275257910507175
 0.4398229715025711 0.5382681797600339
 0.471238898038469 0.5561383134673406
 0.5026548245743669 0.4830028395907907
 0.5340707511102649 0.4041070989139293
 0.5654866776461628 0.6444467163434056
 0.5969026041820608 0.5339644379393356
 0.6283185307179586 0.6609919878760299
 0.6597344572538566 0.5611981343804358
 0.6911503837897546 0.6907758038557861
 0.7225663103256524 0.7842194265373914
 0.7539822368615504 0.5697902365027852
 0.7853981633974484 0.8189395259341259
 0.8168140899333463 0.661719360981566
 0.8482300164692442 0.7570586645447892
 0.8796459430051422 0.8237957795744087
 0.9110618695410401 0.8384150128331598
 0.942477796076938 0.9319802275533721
 0.9738937226128359 0.9497412201183979
 1.005309649148734 0.7386751930105393
 1.036725575684632 0.7573435692524332
 1.06814150222053 0.8435517192719665
 1.099557428756428 0.9394501704035283
 1.130973355292326 0.9014384607547588
 1.162389281828224 0.8139199749541249
 1.193805208364122 1.053509804151411
 1.225221134900019 0.9694944178545205
 1.256637061435917 1.060558076405241
 1.288052987971815 1.054371852463414
 1.319468914507713 0.9741590208519162
 1.350884841043611 0.9543544526239465
 1.382300767579509 0.864686196132991
 1.413716694115407 1.079277318463003
 1.445132620651305 0.9782256170190727
 1.476548547187203 1.044068874139928
 1.507964473723101 0.9786677798399996
 1.539380400258999 1.001560060337814
 1.570796326794897 1.044753751891606
 1.602212253330795 0.9514053300524974
 1.633628179866693 1.02449195201098
 1.66504410640259 0.9425411498080616
 1.696460032938488 0.9527058045522215
 1.727875959474386 1.085118874912947
 1.759291886010284 0.9226067923589101
 1.790707812546182 0.9454685734183597
 1.82212373908208 0.8930192610829978
 1.853539665617978 1.024860658329216
 1.884955592153876 1.015737261714138
 1.916371518689774 1.029619775057415
 1.947787445225672 0.929470958331736
 1.97920337176157 1.030909355031357
 2.010619298297468 0.8119020295860383
 2.042035224833366 0.8239750475006861
 2.073451151369264 0.9797298352640255
 2.104867077905161 0.9604356547101369
 2.13628300444106 0.8682047221608353
 2.167698930976957 0.8935913570483937
 2.199114857512855 0.8811590472872481
 2.230530784048753 0.8694902313952819
 2.261946710584651 0.6630302005677667
 2.293362637120549 0.8377851213678633
 2.324778563656447 0.6957077413188523
 2.356194490192345 0.652616198691177
 2.387610416728243 0.7966222801311599
 2.419026343264141 0.5716472741675367
 2.450442269800039 0.6109614845441258
 2.481858196335937 0.5750408767523685
 2.513274122871834 0.6313797319225594
 2.544690049407733 0.6027646958911558
 2.57610597594363 0.6128478127192932
 2.607521902479529 0.5338607418168937
 2.638937829015426 0.5149912897071928
 2.670353755551325 0.3989780905592187
 2.701769682087222 0.5079805242861311
 2.73318560862312 0.5067344069142543
 2.764601535159018 0.4087755768404776
 2.796017461694916 0.3306890536079989
 2.827433388230814 0.4078990678563633
 2.858849314766712 0.3668505087112219
 2.89026524130261 0.1668969151025792
 2.921681167838508 0.1037819434446129
 2.953097094374406 0.1368105536943091
 2.984513020910304 0.2353627934968724
 3.015928947446202 0.1290946952132423
 3.047344873982099 0.04332873683385759
 3.078760800517998 0.1197038703965882
 3.110176727053895 0.1372080540908318
 3.141592653589794 0.009933992203118898
 3.173008580125691 -0.09903018567881085
 3.204424506661589 -0.1365470919209866
 3.235840433197487 -0.1662909574306641
 3.267256359733385 -0.08468548661687728
 3.298672286269283 -0.2751275350730191
 3.330088212805181 -0.2456143688347036
 3.361504139341079 -0.2694028108711363
 3.392920065876977 -0.26281047949605
 3.424335992412875 -0.3726051898388216
 3.455751918948773 -0.2426266153164867
 3.487167845484671 -0.4303907550896065
 3.518583772020569 -0.2500462683084248
 3.549999698556467 -0.3400062134999932
 3.581415625092364 -0.5393393720657282
 3.612831551628263 -0.3554060956072461
 3.64424747816416 -0.4688062027539113
 3.675663404700058 -0.4636011068122154
 3.707079331235956 -0.4567470438503363
 3.738495257771854 -0.5367950423491703
 3.769911184307752 -0.5380783269894587
 3.80132711084365 -0.5410411424174272
 3.832743037379548 -0.5884827411239544
 3.864158963915446 -0.7828452780031173
 3.895574890451344 -0.6434770775784093
 3.926990816987242 -0.7028226385930061
 3.95840674352314 -0.8535005407509085
 3.989822670059038 -0.6625356253619141
 4.021238596594936 -0.8469662278113227
 4.052654523130833 -0.8728272297556462
 4.084070449666731 -0.8908908897931188
 4.11548637620263 -0.8216168895418259
 4.146902302738527 -0.9382537949303879
 4.178318229274425 -0.8979519157026161
 4.209734155810323 -0.8575651799042978
 4.241150082346221 -0.8769616023553394
 4.272566008882119 -0.8084751966244647
 4.303981935418017 -0.8372736247097244
 4.335397861953915 -0.9092447833432149
 4.366813788489813 -1.055415803176431
 4.39822971502571 -0.903140968355936
 4.429645641561609 -0.9615584566533681
 4.461061568097507 -1.010858501400206
 4.492477494633405 -0.9531030855437075
 4.523893421169302 -1.106732382821679
 4.5553093477052 -0.9108303969073449
 4.586725274241099 -0.9742235208082763
 4.618141200776996 -0.997901806122273
 4.649557127312894 -1.087236292987887
 4.680973053848792 -1.033765584939236
 4.71238898038469 -1.070649591654909
 4.743804906920588 -0.943164861478311
 4.775220833456486 -1.049999998848851
 4.806636759992384 -1.04481198376508
 4.838052686528282 -1.064816009785814
 4.869468613064179 -0.8959761781297869
 4.900884539600078 -1.002214044104348
 4.932300466135976 -0.9812976570108103
 4.963716392671873 -0.9728174277910284
 4.995132319207771 -0.9737599084050422
 5.026548245743669 -0.9699812460850946
 5.057964172279568 -0.8702528945142788
 5.089380098815465 -0.8406835214700352
 5.120796025351363 -0.8818962177386165
 5.152211951887261 -0.843631992461658
 5.18362787842316 -0.9929355068445561
 5.215043804959057 -0.8931661483722337
 5.246459731494955 -0.8674555025583226
 5.277875658030853 -0.8187551895487576
 5.309291584566751 -0.8797194441641744
 5.340707511102649 -0.827026463591623
 5.372123437638547 -0.8121586605093672
 5.403539364174445 -0.7323673075456743
 5.434955290710342 -0.717046681698338
 5.46637121724624 -0.6521170069882142
 5.497787143782139 -0.7093763831273512
 5.529203070318037 -0.7930262823489899
 5.560618996853934 -0.7067925180548352
 5.592034923389832 -0.6116176422262918
 5.62345084992573 -0.5253232975991138
 5.654866776461628 -0.6552910581617938
 5.686282702997526 -0.6584797459918472
 5.717698629533424 -0.4917239129385583
 5.749114556069322 -0.4401239725383413
 5.78053048260522 -0.4184593670846519
 5.811946409141118 -0.4179805886025443
 5.843362335677016 -0.4286084065201906
 5.874778262212914 -0.3960739250279496
 5.906194188748811 -0.3435589545386559
 5.937610115284709 -0.3917900032812191
 5.969026041820608 -0.2798316422448417
 6.000441968356506 -0.2420251443576363
 6.031857894892403 -0.2744539928379174
 6.063273821428301 -0.1845552188335511
 6.094689747964199 -0.1390537575662936
 6.126105674500097 -0.08805628346587549
 6.157521601035995 -0.00992438030902823
 6.188937527571893 0.01663734428613876
 6.220353454107791 -0.1855628527718339
 6.251769380643688 -0.04885244803226143
 6.283185307179587 -0.06043701301104757
 6.314601233715485 0.1329042241699194
 6.346017160251383 0.0316586981166283
 6.37743308678728 0.096493815451078
 6.408849013323178 0.2093323583663579
 6.440264939859077 0.06600537033510075
 6.471680866394975 0.142053370982962
 6.503096792930872 0.1591323501107914
 6.53451271946677 0.2619459987470027
 6.565928646002668 0.2506353797762769
 6.597344572538566 0.3620146506978102
 6.628760499074464 0.3882519865623538
 6.660176425610362 0.3110748389090502
 6.69159235214626 0.3706924369665207
 6.723008278682157 0.3406260172086764
 6.754424205218056 0.3409257356746004
 6.785840131753954 0.5000200644593216
 6.817256058289852 0.4987855684123295
 6.848671984825749 0.4393055248245573
 6.880087911361647 0.6777506021888315
 6.911503837897546 0.5385942208880523
 6.942919764433443 0.7101079275945135
 6.974335690969341 0.6461571988713883
 7.005751617505239 0.5782917948213956
 7.037167544041138 0.5679053051097315
 7.068583470577035 0.6204592506013297
 7.099999397112933 0.7840876769449878
 7.131415323648831 0.8668841546585554
 7.162831250184729 0.8156844761847082
 7.194247176720627 0.9067699282689791
 7.225663103256525 0.7615319531532612
 7.257079029792423 0.7528486926272075
 7.288494956328321 0.9459314111084076
 7.319910882864218 0.8218023205883249
 7.351326809400117 0.7801848522698691
 7.382742735936015 0.9743932042374933
 7.414158662471912 0.9830631966692356
 7.44557458900781 0.9649630759475872
 7.476990515543708 0.8682138886398678
 7.508406442079607 0.8255694006340821
 7.539822368615504 0.877525931871439
 7.571238295151402 0.9588111677966419
 7.6026542216873 0.9425492109620852
 7.634070148223198 0.9860963584268142
 7.665486074759096 0.8670304099490674
 7.696902001294994 0.9462375213448949
 7.728317927830892 1.038539521756433
 7.75973385436679 0.9723693398895208
 7.791149780902687 0.9368412272223392
 7.822565707438586 1.032481915004341
 7.853981633974484 1.097023530757701
 7.885397560510381 1.022532103004197
 7.916813487046279 0.9083517128448834
 7.948229413582177 0.8766183438285045
 7.979645340118076 1.074647673348843
 8.011061266653973 0.8699982158417852
 8.042477193189871 0.9027732077402203
 8.073893119725769 1.078729076638063
 8.105309046261667 0.9522104270790948
 8.136724972797564 0.8904466533468482
 8.168140899333462 0.9036575202442696
 8.199556825869362 0.8222485032333591
 8.230972752405259 0.817634726757882
 8.262388678941157 1.039351099430536
 8.293804605477055 0.8069160113084443
 8.325220532012953 0.795876132856595
 8.35663645854885 0.859384318526501
 8.388052385084748 0.8258845165425266
 8.419468311620646 0.8248834548419722
 8.450884238156544 0.8338226929377284
 8.482300164692441 0.8758714180552944
 8.513716091228341 0.7917779223409505
 8.545132017764239 0.6792629958686202
 8.576547944300136 0.7338231199545711
 8.607963870836034 0.6975473761625242
 8.639379797371932 0.8251754205835321
 8.67079572390783 0.6081615272441037
 8.702211650443727 0.5927504524723972
 8.733627576979625 0.713112662470756
 8.765043503515523 0.68005352344365
 8.796459430051421 0.5486435660388078
 8.82787535658732 0.5236141812535413
 8.859291283123218 0.608133307480355
 8.890707209659116 0.4017891336724927
 8.922123136195014 0.4284467099189536
 8.953539062730911 0.4054605301550177
 8.984954989266809 0.5466608567129789
 9.016370915802707 0.3074013702707393
 9.047786842338605 0.3843736428068139
 9.079202768874502 0.2536266797956503
 9.1106186954104 0.4202014806684287
 9.1420346219463 0.2716623687023412
 9.173450548482197 0.1930560045005311
 9.204866475018095 0.2953912207518837
 9.236282401553993 0.07319861124153622
 9.267698328089891 0.06725437055593374
 9.299114254625788 0.05816820953696893
 9.330530181161686 0.1537624421385595
 9.361946107697584 -0.05893164741817614
 9.393362034233482 0.07613708503643798
 9.424777960769379 -0.09814415623055951
 9.456193887305279 -0.1320980940013655
 9.487609813841177 -0.1487478647402296
 9.519025740377074 -0.1436587575086572
 9.550441666912972 -0.2266391981725699
 9.58185759344887 -0.2287285508469705
 9.613273519984768 -0.2204739803890653
 9.644689446520665 -0.1370914335027381
 9.676105373056563 -0.2866746781858721
 9.707521299592461 -0.1625814178677994
 9.738937226128359 -0.3118455020495653
 9.770353152664258 -0.3498002098906724
 9.801769079200156 -0.4390131404492121
 9.833185005736054 -0.4487320516972879
 9.864600932271951 -0.3933255443683558
 9.896016858807849 -0.488065320375923
 9.927432785343747 -0.5362140957247817
 9.958848711879645 -0.5353272736347829
 9.990264638415542 -0.4605203186504522
 10.02168056495144 -0.5805057375683546
 10.05309649148734 -0.6989035772237638
 10.08451241802324 -0.6238899524699074
 10.11592834455914 -0.7290046445379925
 10.14734427109503 -0.7764501689013571
 10.17876019763093 -0.6924575078674691
 10.21017612416683 -0.7799140325226491
 10.24159205070273 -0.7636722179515819
 10.27300797723862 -0.6658668823721058
 10.30442390377452 -0.8182409593445619
 10.33583983031042 -0.7048324830458521
 10.36725575684632 -0.912333632594607
 10.39867168338222 -0.7162778271625224
 10.43008760991811 -0.8766880596726011
 10.46150353645401 -0.9395565312789657
 10.49291946298991 -0.7651136511754194
 10.52433538952581 -0.7762787353048362
 10.55575131606171 -0.7921508532546593
 10.5871672425976 -0.8734892223867688
 10.6185831691335 -0.9920396042191618
 10.6499990956694 -0.917395999727704
 10.6814150222053 -0.9324508062549173
 10.7128309487412 -1.046679779513273
 10.74424687527709 -0.9509036929862034
 10.77566280181299 -0.9417568152321745
 10.80707872834889 -1.021627591536981
 10.83849465488479 -0.8805201024130801
 10.86991058142068 -0.914237604859334
 10.90132650795658 -0.8910986105724853
 10.93274243449248 -0.8953999478411321
 10.96415836102838 -1.020686652308062
 10.99557428756428 -1.014545376855639
 11.02699021410018 -1.04061045489578
 11.05840614063607 -0.9432780480191256
 11.08982206717197 -0.8749934965169874
 11.12123799370787 -0.9924499633146676
 11.15265392024377 -1.070446879973451
 11.18406984677966 -0.8864489910305943
 11.21548577331556 -0.8533761236168412
 11.24690169985146 -0.9173061491552096
 11.27831762638736 -0.9699087827100517
 11.30973355292326 -0.9894752663449886
 11.34114947945915 -0.9138925684376145
 11.37256540599505 -1.041280777870664
 11.40398133253095 -0.8881716444902963
 11.43539725906685 -0.822523373789759
 11.46681318560275 -0.869717541496153
 11.49822911213864 -0.8621549339783391
 11.52964503867454 -0.9729824286151603
 11.56106096521044 -0.7258512078150353
 11.59247689174634 -0.7631019128217349
 11.62389281828224 -0.7404571643084794
 11.65530874481813 -0.8987537411510874
 11.68672467135403 -0.66256586011381
 11.71814059788993 -0.7316456868579184
 11.74955652442583 -0.6847411032051592
 11.78097245096173 -0.6046325164651825
 11.81238837749762 -0.6566934095111964
 11.84380430403352 -0.5972915913844437
 11.87522023056942 -0.6203745366607623
 11.90663615710532 -0.6558575695449199
 11.93805208364122 -0.4810132510738058
 11.96946801017711 -0.5325044610956428
 12.00088393671301 -0.5839421630516131
 12.03229986324891 -0.6328938970362974
 12.06371578978481 -0.3810547377472219
 12.0951317163207 -0.3312626868432167
 12.1265476428566 -0.3241160854933479
 12.1579635693925 -0.312845892646899
 12.1893794959284 -0.3631020114318086
 12.2207954224643 -0.4349725298240469
 12.25221134900019 -0.3242544703001586
 12.28362727553609 -0.3625172610949213
 12.31504320207199 -0.198981611852821
 12.34645912860789 -0.2982577941419124
 12.37787505514379 -0.2436813622067856
 12.40929098167968 -0.193638327219151
 12.44070690821558 -0.2112889556798053
 12.47212283475148 -0.2007460833444107
 12.50353876128738 -5.686925490938632e-05
 12.53495468782328 -0.1014101880879305
 12.56637061435917 0.1017596372724204
 12.59778654089507 -0.07091615007340943
 12.62920246743097 0.02677148590524113
 12.66061839396687 0.2153090388303907
 12.69203432050277 0.05574267239831406
 12.72345024703866 0.1792305901943364
 12.75486617357456 0.2702946901490355
 12.78628210011046 0.1425027457851449
 12.81769802664636 0.2785508778577349
 12.84911395318226 0.2007197957118942
 12.88052987971815 0.3610327365942793
 12.91194580625405 0.379318491970848
 12.94336173278995 0.3453807132807631
 12.97477765932585 0.3725349832703205
 13.00619358586174 0.4696559283897802
 13.03760951239764 0.3581248052939029
 13.06902543893354 0.5590936616158888
 13.10044136546944 0.4083061285022425
 13.13185729200534 0.5906465113618917
 13.16327321854124 0.5319771716170492
 13.19468914507713 0.4987685173688517
 13.22610507161303 0.6837591639284932
 13.25752099814893 0.7439877410264393
 13.28893692468483 0.5653008379440497
 13.32035285122072 0.6927814796962898
 13.35176877775662 0.7847266514451751
 13.38318470429252 0.6397630932773337
 13.41460063082842 0.8093002403703273
 13.44601655736431 0.8774882405296704
 13.47743248390021 0.8749413960241621
 13.50884841043611 0.9304720256194536
 13.54026433697201 0.7522315886862322
 13.57168026350791 0.9280485707947718
 13.60309619004381 0.9157256185502729
 13.6345121165797 0.8602845966250046
 13.6659280431156 0.8420982102461779
 13.6973439696515 0.8925537637812863
 13.7287598961874 0.8655474769341014
 13.76017582272329 0.8650897885957941
 13.79159174925919 0.931559430409627
 13.82300767579509 0.8279875647931046
 13.85442360233099 1.053133109339323
 13.88583952886689 0.8758725258052178
 13.91725545540278 1.06256256556906
 13.94867138193868 0.8826812520030305
 13.98008730847458 1.052450247002183
 14.01150323501048 0.8812055233949774
 14.04291916154638 0.9522924019011398
 14.07433508808228 0.908478960628916
 14.10575101461817 0.9751576740040947
 14.13716694115407 0.8848530201730385
 14.16858286768997 0.8800239714713678
 14.19999879422587 1.090499570568371
 14.23141472076176 0.8958585959650458
 14.26283064729766 0.9096316356573357
 14.29424657383356 1.000109477556672
 14.32566250036946 1.056050009830614
 14.35707842690536 1.024400606674414
 14.38849435344125 1.064886762890203
 14.41991027997715 0.9064406769945964
 14.45132620651305 0.8422116628265122
 14.48274213304895 0.9003141186827112
 14.51415805958485 0.9594654766843924
 14.54557398612074 0.875442952997165
 14.57698991265664 0.907563863784703
 14.60840583919254 0.8444277962806115
 14.63982176572844 0.8245182821082736
 14.67123769226433 0.9215648602693001
 14.70265361880023 0.7344003442415994
 14.73406954533613 0.7158989740045432
 14.76548547187203 0.8381278354842063
 14.79690139840793 0.8307518259930203
 14.82831732494382 0.6646427375093269
 14.85973325147972 0.699260122896928
 14.89114917801562 0.7553746514958909
 14.92256510455152 0.6617069227264238
 14.95398103108742 0.58008656840503
 14.98539695762331 0.6965891826615143
 15.01681288415921 0.5167026273454602
 15.04822881069511 0.5385611725645173
 15.07964473723101 0.6129003536006372
 15.11106066376691 0.4555183430841516
 15.1424765903028 0.5826786968478913
 15.1738925168387 0.4184338599104896
 15.2053084433746 0.400487199487584
 15.2367243699105 0.5177159127944571
 15.2681402964464 0.5010568523564374
 15.29955622298229 0.394266924214434
 15.33097214951819 0.296466060591974
 15.36238807605409 0.4402375952381677
 15.39380400258999 0.3613195842342043
 15.42521992912589 0.2431351908838153
 15.45663585566178 0.3625180555856048
 15.48805178219768 0.3032926283365569
 15.51946770873358 0.1971713579225265
 15.55088363526948 0.09647639752752425
 15.58229956180537 0.03510860474470044
 15.61371548834127 0.06984917779324981
 15.64513141487717 0.07325800633082999
 15.67654734141307 -0.08991190159641382
 15.70796326794897 0.09859127520970937
 15.73937919448487 0.04127752262784544
 15.77079512102076 -0.01449012442859261
 15.80221104755666 -0.0512734635819614
 15.83362697409256 -0.07512049139238672
 15.86504290062846 -0.1401945155406451
 15.89645882716435 -0.2505555933650507
 15.92787475370025 -0.2243285060466008
 15.95929068023615 -0.2058522533056108
 15.99070660677205 -0.2625095174935326
 16.02212253330795 -0.2690505066301463
 16.05353845984384 -0.3794659592616518
 16.08495438637974 -0.3030721771928159
 16.11637031291564 -0.3310612842474766
 16.14778623945154 -0.4942241177089897
 16.17920216598744 -0.5619440358094577
 16.21061809252333 -0.3704942833073819
 16.24203401905923 -0.6181953919140097
 16.27344994559513 -0.5548626011520997
 16.30486587213103 -0.5331103960869019
 16.33628179866692 -0.5332581537159925
 16.36769772520282 -0.618069702944787
 16.39911365173872 -0.6302960790479658
 16.43052957827462 -0.5977902189196809
 16.46194550481052 -0.7589873471217192
 16.49336143134641 -0.7451708812477198
 16.52477735788231 -0.7762618175007671
 16.55619328441821 -0.757167821324818
 16.58760921095411 -0.8389099669669486
 16.61902513749001 -0.7412167272105705
 16.65044106402591 -0.8256847644400003
 16.6818569905618 -0.7272836771870407
 16.7132729170977 -0.8365917316621155
 16.7446888436336 -0.8322365706548029
 16.7761047701695 -0.8927852839481697
 16.8075206967054 -0.8520865878102872
 16.83893662324129 -0.956355332420182
 16.87035254977719 -0.9379891608648441
 16.90176847631309 -1.021459435839259
 16.93318440284899 -0.918723214323596
 16.96460032938488 -1.047395390323906
 16.99601625592078 -0.8374595987793341
 17.02743218245668 -0.9654288537534292
 17.05884810899258 -1.073995339201391
 17.09026403552848 -0.9055202628943311
 17.12167996206437 -0.9136479931838564
 17.15309588860027 -0.8823056870869838
 17.18451181513617 -0.8823208646491041
 17.21592774167207 -1.040700351599078
 17.24734366820796 -0.9761787425946468
 17.27875959474386 -1.111398049856726
 17.31017552127976 -0.9680337318857279
 17.34159144781566 -0.9593227000696641
 17.37300737435156 -0.9669334127753993
 17.40442330088745 -1.058734682787857
 17.43583922742335 -1.085886115484834
 17.46725515395925 -0.9228312684742277
 17.49867108049515 -0.9669293705258675
 17.53008700703105 -0.9978665873123673
 17.56150293356695 -0.8426272416280871
 17.59291886010284 -0.9082126076328287
 17.62433478663874 -0.9348890450479896
 17.65575071317464 -0.9613977084818877
 17.68716663971054 -0.8965669244055925
 17.71858256624644 -0.8855814063662264
 17.74999849278233 -0.8876646568837213
 17.78141441931823 -0.799371948309553
 17.81283034585413 -0.8617540533580952
 17.84424627239003 -0.9330639703409876
 17.87566219892592 -0.7745214314782868
 17.90707812546182 -0.8599011636278986
 17.93849405199772 -0.8737751648523074
 17.96990997853362 -0.7212512671651313
 18.00132590506952 -0.8419559225306484
 18.03274183160541 -0.7505931039973041
 18.06415775814131 -0.7222602011961453
 18.09557368467721 -0.6035496299225844
 18.12698961121311 -0.5646083241735618
 18.158405537749 -0.6194931023864555
 18.1898214642849 -0.5402538412467762
 18.2212373908208 -0.587448750456397
 18.2526533173567 -0.4457507234471362
 18.2840692438926 -0.5877245086109482
 18.3154851704285 -0.5861529640246961
 18.34690109696439 -0.4959348340270284
 18.37831702350029 -0.5734319105319812
 18.40973295003619 -0.3511660240205276
 18.44114887657209 -0.2821400234026602
 18.47256480310799 -0.4256784656106121
 18.50398072964388 -0.3444496515444045
 18.53539665617978 -0.3111555823653623
 18.56681258271568 -0.3995139824178535
 18.59822850925158 -0.2903597921499869
 18.62964443578748 -0.1160795937697659
 18.66106036232337 -0.2179485330622798
 18.69247628885927 -0.05659997737111672
 18.72389221539517 -0.02437652172179786
 18.75530814193107 -0.05002617159179107
 18.78672406846696 -0.06622791415498712
 18.81813999500286 -0.005807003598440781
 18.84955592153876 -0.01300848008685379
 18.88097184807466 0.07901403767995605
 18.91238777461056 0.1702228114163928
 18.94380370114645 0.01539939383139059
 18.97521962768235 0.1190042881177942
 19.00663555421825 0.2479146361846292
 19.03805148075415 0.0800797056378262
 19.06946740729004 0.1470198821468275
 19.10088333382594 0.1873081201760007
 19.13229926036184 0.3581457367818012
 19.16371518689774 0.2590193812413677
 19.19513111343364 0.4428347361521289
 19.22654703996954 0.3499763331381697
 19.25796296650543 0.3404510872334137
 19.28937889304133 0.3452846458448942
 19.32079481957723 0.4186631417643801
 19.35221074611313 0.4925917581361317
 19.38362667264903 0.3857731622373712
 19.41504259918492 0.4402348724724124
 19.44645852572082 0.5866237498031223
 19.47787445225672 0.5294682733062602
 19.50929037879262 0.5496088990315781
 19.54070630532852 0.7567765256073554
 19.57212223186441 0.7542193873563972
 19.60353815840031 0.7467972518415116
 19.63495408493621 0.7902263157803234
 19.66637001147211 0.7164747763881815
 19.697785938008 0.6528449659928294
 19.7292018645439 0.8272493024887468
 19.7606177910798 0.8102228005209368
 19.7920337176157 0.8671733434933314
 19.8234496441516 0.7761346080907759
 19.85486557068749 0.9426648471572823
 19.88628149722339 0.9842994349808337
 19.91769742375929 0.8982977047618028
 19.94911335029519 0.9539471570773846
 19.98052927683108 0.9988955305619566
 20.01194520336698 0.9928413409520729
 20.04336112990288 0.8284373572316005
 20.07477705643878 0.9055961592690194
 20.10619298297468 0.9019757572698135
 20.13760890951058 0.9080384979694328
 20.16902483604648 1.023684217195123
 20.20044076258237 0.8726867977782059
 20.23185668911827 0.9486882069007326
 20.26327261565417 0.909608844201564
 20.29468854219007 0.9981636728078623
 20.32610446872596 1.11159551214502
 20.35752039526186 0.9891511716450864
 20.38893632179776 1.020810166036669
 20.42035224833366 1.022048768480702
 20.45176817486956 0.9172257738699183
 20.48318410140545 1.109829177800421
 20.51460002794135 1.089669489441228
 20.54601595447725 1.031016915443552
 20.57743188101315 0.9807715295100796
 20.60884780754904 1.062093845145713
 20.64026373408494 1.074446251079749
 20.67167966062084 0.8521977439554449
 20.70309558715674 0.8494347941403974
 20.73451151369264 0.961686328218053
 20.76592744022853 1.045405883670316
 20.79734336676443 0.8797802278752155
 20.82875929330033 0.9124273624266263
 20.86017521983623 0.9531669971082749
 20.89159114637213 0.8161293612037871
 20.92300707290802 0.9411621044806021
 20.95442299944392 0.8213785978537896
 20.98583892597982 0.9537637778939043
 21.01725485251572 0.8075148370852974
 21.04867077905162 0.8594085527066408
 21.08008670558752 0.7881949731671928
 21.11150263212341 0.6547134266644017
 21.14291855865931 0.677488666658693
 21.17433448519521 0.8376185710581481
 21.20575041173111 0.8090049789762306
 21.237166338267 0.7744416929353575
 21.2685822648029 0.7649203974720518
 21.2999981913388 0.733363958977939
 21.3314141178747 0.5769920989688804
 21.3628300444106 0.565167378178849
 21.39424597094649 0.6764708079875951
 21.42566189748239 0.5331294707991303
 21.45707782401829 0.4317210450555375
 21.48849375055419 0.3685596843054849
 21.51990967709008 0.329508207867718
 21.55132560362598 0.5158997699022746
 21.58274153016188 0.5088358321551779
 21.61415745669778 0.4242750279105347
 21.64557338323367 0.3171136424546914
 21.67698930976957 0.4220284342522066
 21.70840523630547 0.2540985832328403
 21.73982116284137 0.2212734497752883
 21.77123708937727 0.2730381813073752
 21.80265301591317 0.2998988973009573
 21.83406894244906 0.03999200369375934
 21.86548486898496 0.2147385601793628
 21.89690079552086 0.05476705329952128
 21.92831672205676 0.1832369202404335
 21.95973264859266 -0.05382368322499211
 21.99114857512856 0.08473198926531159
 22.02256450166445 -0.09907167959466198
 22.05398042820035 0.007599064599618247
 22.08539635473625 -0.09553464009515
 22.11681228127215 -0.2078848104967595
 22.14822820780804 -0.07719519203492567
 22.17964413434394 -0.2083643711551239
 22.21106006087984 -0.2661972213375464
 22.24247598741574 -0.2863449652881451
 22.27389191395164 -0.2331475181389242
 22.30530784048753 -0.2617713510720744
 22.33672376702343 -0.3577916205950621
 22.36813969355933 -0.4265262350880441
 22.39955562009523 -0.3495813214729898
 22.43097154663112 -0.5314065479544414
 22.46238747316702 -0.4196797282790203
 22.49380339970292 -0.4367176365247541
 22.52521932623882 -0.4342322329915419
 22.55663525277471 -0.6243698427321291
 22.58805117931061 -0.5214899062319589
 22.61946710584651 -0.6091032607880373
 22.65088303238241 -0.6143934318785991
 22.68229895891831 -0.6665555240078609
 22.71371488545421 -0.6940231373616675
 22.74513081199011 -0.625544987957531
 22.776546738526 -0.6375555154645115
 22.8079626650619 -0.7422090158589426
 22.8393785915978 -0.8535023116402433
 22.8707945181337 -0.7915926684389691
 22.9022104446696 -0.8924608399668345
 22.93362637120549 -0.7537473399632623
 22.96504229774139 -0.7182615695036895
 22.99645822427729 -0.8777266953246652
 23.02787415081319 -0.8615856593205234
 23.05929007734908 -0.8893255399075255
 23.09070600388498 -0.926479751765842
 23.12212193042088 -1.017605191673861
 23.15353785695678 -1.006912789325865
 23.18495378349267 -0.9444843289735187
 23.21636971002857 -0.9030910946574431
 23.24778563656447 -0.9692261637030261
 23.27920156310037 -1.005027592630659
 23.31061748963627 -0.9381395996193237
 23.34203341617216 -0.9411276820297525
 23.37344934270806 -0.9607007706327912
 23.40486526924396 -0.950048933975188
 23.43628119577986 -1.048405909582843
 23.46769712231576 -0.9918600120453563
 23.49911304885165 -0.9342647151993309
 23.53052897538755 -1.045881563908569
 23.56194490192345 -1.077388060768285
 23.59336082845935 -1.065374952991989
 23.62477675499525 -0.9836500897040583
 23.65619268153115 -1.110877384417198
 23.68760860806704 -1.089006775131566
 23.71902453460294 -0.9449713763120102
 23.75044046113884 -1.106483761772529
 23.78185638767474 -0.942241736369532
 23.81327231421063 -1.050471781993402
 23.84468824074653 -0.8405191257203855
 23.87610416728243 -1.002107255244962
 23.90752009381833 -0.9297376654883719
 23.93893602035423 -1.052220527032103
 23.97035194689012 -0.9267942640012058
 24.00176787342602 -0.8198648612795033
 24.03318379996192 -0.8263469451773462
 24.06459972649782 -0.884098011438096
 24.09601565303371 -0.8578792209139392
 24.12743157956961 -0.7455824810017768
 24.15884750610551 -0.8389562424640659
 24.19026343264141 -0.8608387281867222
 24.22167935917731 -0.6786437682746447
 24.2530952857132 -0.6901647283800865
 24.2845112122491 -0.6925322541099567
 24.315927138785 -0.8441146755434588
 24.3473430653209 -0.6331683491585828
 24.3787589918568 -0.7377840271991709
 24.41017491839269 -0.6082886450424563
 24.44159084492859 -0.5746909275947847
 24.47300677146449 -0.6400211390291488
 24.50442269800039 -0.494501412541188
 24.53583862453629 -0.5087116793934435
 24.56725455107219 -0.5858633204224576
 24.59867047760808 -0.5639585514763735
 24.63008640414398 -0.570692591073958
 24.66150233067988 -0.5093663936355041
 24.69291825721578 -0.3074748223641318
 24.72433418375167 -0.3814098739135579
 24.75575011028757 -0.2757218224541527
 24.78716603682347 -0.4119105397989595
 24.81858196335937 -0.3565353971373159
 24.84999788989527 -0.3180262083903169
 24.88141381643116 -0.2949272262076202
 24.91282974296706 -0.1684049655572381
 24.94424566950296 -0.1552131559602404
 24.97566159603886 -0.2139657205952618
 25.00707752257475 -0.04143566864227746
 25.03849344911065 -0.06179996116952061
 25.06990937564655 -0.1019924169853001
 25.10132530218245 0.06560272743008491
 25.13274122871835 0.05925055517771737
 25.16415715525424 -0.05052336748839507
 25.19557308179014 0.1846428979425111
 25.22698900832604 0.05711159796499372
 25.25840493486194 0.168864689488215
 25.28982086139784 0.05442117688337562
 25.32123678793374 0.2794579503168195
 25.35265271446963 0.1283949971635353
 25.38406864100553 0.1844740801207418
 25.41548456754143 0.3180866870560457
 25.44690049407733 0.3257901880404537
 25.47831642061323 0.3928871912160067
 25.50973234714912 0.3722573221016451
 25.54114827368502 0.5046273465405026
 25.57256420022092 0.536953909846689
 25.60398012675682 0.3599519299957695
 25.63539605329271 0.4470775318190449
 25.66681197982861 0.5401377892698964
 25.69822790636451 0.4386609354627436
 25.72964383290041 0.6758822002632978
 25.76105975943631 0.693806217991209
 25.7924756859722 0.5678366122243724
 25.8238916125081 0.7163229352180136
 25.855307539044 0.6597046527545892
 25.8867234655799 0.7644027429772219
 25.91813939211579 0.6712620194625994
 25.94955531865169 0.668949649245723
 25.98097124518759 0.8205004215182816
 26.01238717172349 0.6541372988653282
 26.04380309825939 0.6786428175922408
 26.07521902479528 0.7570715378561258
 26.10663495133118 0.7809156701157712
 26.13805087786708 0.8211199443615383
 26.16946680440298 0.7434603520501102
 26.20088273093888 0.9670305507820349
 26.23229865747478 0.7769414589826811
 26.26371458401067 1.005377126841759
 26.29513051054657 0.8096481811408303
 26.32654643708247 0.9140010935691362
 26.35796236361837 0.9720658414036385
 26.38937829015427 0.9766500794767976
 26.42079421669016 1.084266028824814
 26.45221014322606 1.05193176289608
 26.48362606976196 1.053381085171097
 26.51504199629786 1.093437835129836
 26.54645792283375 0.9209976952568606
 26.57787384936965 0.9281320062710903
 26.60928977590555 1.054242465375603
 26.64070570244145 1.061786535410951
 26.67212162897735 1.052721651399276
 26.70353755551324 0.9084722632582259
 26.73495348204914 0.8788637061792226
 26.76636940858504 1.095842894188904
 26.79778533512094 0.9401336642594138
 26.82920126165683 1.029160284788026
 26.86061718819273 0.9366641227983312
 26.89203311472863 0.9090949053188677
 26.92344904126453 0.9919977307019088
 26.95486496780043 1.07597816926395
 26.98628089433632 0.8397703344654246
 27.01769682087222 0.8343091570779639
 27.04911274740812 0.949283537273823
 27.08052867394402 0.8340953124773692
 27.11194460047992 0.9333201024766755
 27.14336052701582 0.8140142382603357
 27.17477645355171 0.935955832391635
 27.20619238008761 0.8068351124901068
 27.23760830662351 0.970759641132007
 27.26902423315941 0.8156907942510612
 27.30044015969531 0.9484099265973699
 27.3318560862312 0.7623841248835286
 27.3632720127671 0.8795818634191934
 27.394687939303 0.6986839366981981
 27.4261038658389 0.6668001439525308
 27.45751979237479 0.6383488053834134
 27.48893571891069 0.5905604814607494
 27.52035164544659 0.582683480296691
 27.55176757198249 0.7755450137224453
 27.58318349851839 0.7538055694204976
 27.61459942505428 0.5332754847742102
 27.64601535159018 0.6500051544598511
 27.67743127812608 0.5524472007826495
 27.70884720466198 0.5768257592420404
 27.74026313119787 0.4991033848392675
 27.77167905773377 0.4475237926644373
 27.80309498426967 0.5030914185663066
 27.83451091080557 0.3157021785754657
 27.86592683734147 0.3375477240821391
 27.89734276387737 0.4350074942761335
 27.92875869041326 0.3881968640065312
 27.96017461694916 0.2613016392884646
 27.99159054348506 0.2890178661841417
 28.02300647002096 0.2625124515337108
 28.05442239655686 0.2085115745288595
 28.08583832309275 0.1502788450763518
 28.11725424962865 0.08690792029874768
 28.14867017616455 0.05503406132867779
 28.18008610270045 0.1919496258355261
 28.21150202923635 0.1761334372308889
 28.24291795577224 0.06117511009334649
 28.27433388230814 -0.1023038540947114
 28.30574980884404 -0.01066674784428803
 28.33716573537994 0.03158055938186133
 28.36858166191583 -0.07893974711709204
 28.39999758845173 -0.1814357871282352
 28.43141351498763 -0.05242815351392024
 28.46282944152353 -0.2530910529153931
 28.49424536805943 -0.3411676529310756
 28.52566129459532 -0.2857196544448498
 28.55707722113122 -0.221705498792606
 28.58849314766712 -0.2405237482439126
 28.61990907420302 -0.3286228254246304
 28.65132500073891 -0.2541348575506355
 28.68274092727481 -0.2807582120553149
 28.71415685381071 -0.4208643676152742
 28.74557278034661 -0.5313778501159815
 28.77698870688251 -0.4866621137694854
 28.80840463341841 -0.4357919572478379
 28.8398205599543 -0.582933935814863
 28.8712364864902 -0.6616471872706992
 28.9026524130261 -0.6255766632284802
 28.934068339562 -0.7248049791614073
 28.9654842660979 -0.563129703822135
 28.99690019263379 -0.7354211827162734
 29.02831611916969 -0.7542379294900063
 29.05973204570559 -0.7330333531396843
 29.09114797224149 -0.7432064496960878
 29.12256389877739 -0.8707165190275007
 29.15397982531328 -0.7578891264992029
 29.18539575184918 -0.8286483750480625
 29.21681167838508 -0.9129092669653449
 29.24822760492098 -0.7551037925107179
 29.27964353145687 -0.7706886963456713
 29.31105945799277 -0.8733779400790987
 29.34247538452867 -0.8320514132090615
 29.37389131106457 -0.9586302187835981
 29.40530723760047 -0.9962021986783796
 29.43672316413636 -0.81275763132681
 29.46813909067226 -0.8739289313970422
 29.49955501720816 -0.9946912535097592
 29.53097094374406 -1.051643439305814
 29.56238687027995 -1.013228453836478
 29.59380279681585 -0.9750334066736668
 29.62521872335175 -1.079148199586547
 29.65663464988765 -0.9328738035858953
 29.68805057642355 -1.091077974232528
 29.71946650295945 -1.101750119516274
 29.75088242949534 -1.06924738336711
 29.78229835603124 -1.042358204686598
 29.81371428256714 -1.108456422156376
 29.84513020910304 -0.9038388609789649
 29.87654613563894 -0.974437185889386
 29.90796206217483 -0.8839205300268302
 29.93937798871073 -0.9787279666693061
 29.97079391524663 -1.017875297957533
 30.00220984178253 -0.9349740110597389
 30.03362576831843 -0.8655727536245595
 30.06504169485432 -1.091394145911029
 30.09645762139022 -1.015518794940497
 30.12787354792612 -1.026578880773757
 30.15928947446202 -1.025950929887366
 30.19070540099791 -0.839134052093967
 30.22212132753381 -0.860725601578477
 30.25353725406971 -0.7939485939353975
 30.28495318060561 -0.9473880367926263
 30.31636910714151 -1.01492299809883
 30.3477850336774 -0.9772659881725391
 30.3792009602133 -0.8740804938251713
 30.4106168867492 -0.9504017564547952
 30.4420328132851 -0.8147380559607037
 30.473448739821 -0.9292274896460638
 30.50486466635689 -0.8296513406635107
 30.53628059289279 -0.7483522504902456
 30.56769651942869 -0.6934956849629857
 30.59911244596459 -0.8063402990923576
 30.63052837250049 -0.6596248399183587
 30.66194429903639 -0.6226012664433545
 30.69336022557228 -0.7140407071855157
 30.72477615210818 -0.6567457566995515
 30.75619207864408 -0.6207689288918866
 30.78760800517998 -0.4973353033197893
 30.81902393171587 -0.4380693155510391
 30.85043985825177 -0.6161306717000086
 30.88185578478767 -0.4115570932633207
 30.91327171132357 -0.4437255127176944
 30.94468763785947 -0.5711407202348623
 30.97610356439536 -0.386461561103062
 31.00751949093126 -0.310850298975761
 31.03893541746716 -0.3654419407529493
 31.07035134400306 -0.3694160215161567
 31.10176727053895 -0.3945463305835101
 31.13318319707485 -0.294251424321493
 31.16459912361075 -0.2777511326086245
 31.19601505014665 -0.1205355538465273
 31.22743097668254 -0.2995705430319555
 31.25884690321844 -0.1325546550894947
 31.29026282975434 -0.2184053753098235
 31.32167875629024 -0.1509861621682316
 31.35309468282614 0.02957022804677575
 31.38451060936204 0.05984671192346747
 31.41592653589793 -0.07225169550250927


